0.000000 	 1.000000 
0.500020 	 2.000000 
0.900120 	 3.000000 
0.900200 	 4.000000 
1.300210 	 5.000000 
1.300300 	 6.000000 
1.300380 	 7.000000 
1.300470 	 8.000000 
1.700310 	 9.000000 
1.700400 	 10.000000 
1.700480 	 11.000000 
1.700570 	 12.000000 
1.700650 	 13.000000 
1.700740 	 14.000000 
1.700820 	 15.000000 
1.700910 	 16.000000 
2.100410 	 17.000000 
2.100490 	 18.000000 
2.100580 	 19.000000 
2.100660 	 20.000000 
2.100750 	 20.050000 
2.100830 	 20.100000 
2.100920 	 20.150000 
2.101000 	 20.199000 
2.101090 	 20.249000 
2.101180 	 20.298000 
2.101260 	 20.347000 
2.101350 	 20.397000 
2.101430 	 20.446000 
2.101520 	 20.494000 
2.101600 	 20.543000 
2.101690 	 20.592000 
2.500510 	 20.641000 
2.500590 	 20.689000 
2.500680 	 20.737000 
2.500760 	 20.786000 
2.500850 	 20.834000 
2.500930 	 20.882000 
2.501020 	 20.930000 
2.501100 	 20.977000 
2.501190 	 21.025000 
2.501270 	 21.073000 
2.501360 	 21.120000 
2.501440 	 21.167000 
2.501530 	 21.215000 
2.501610 	 21.262000 
2.501700 	 21.309000 
2.501780 	 21.356000 
2.501870 	 21.403000 
2.501960 	 21.449000 
2.502040 	 21.496000 
2.502130 	 21.542000 
2.900600 	 21.589000 
2.900690 	 21.635000 
2.900770 	 21.681000 
2.900860 	 21.727000 
2.900940 	 21.773000 
2.901030 	 21.819000 
2.901110 	 21.865000 
2.901200 	 21.911000 
2.901290 	 21.957000 
2.901370 	 22.002000 
2.901460 	 22.048000 
2.901540 	 22.093000 
2.901630 	 22.138000 
2.901710 	 22.183000 
2.901800 	 22.228000 
2.901880 	 22.273000 
2.901970 	 22.318000 
2.902050 	 22.363000 
2.902140 	 22.408000 
2.902220 	 22.453000 
3.300700 	 22.497000 
3.300790 	 22.542000 
3.300870 	 22.586000 
3.300960 	 22.630000 
3.301040 	 22.674000 
3.301130 	 22.718000 
3.301210 	 22.762000 
3.301300 	 22.806000 
3.301380 	 22.850000 
3.301470 	 22.894000 
3.301550 	 22.938000 
3.301640 	 22.981000 
3.301720 	 23.025000 
3.301810 	 23.068000 
3.301890 	 23.112000 
3.301980 	 23.155000 
3.302060 	 23.198000 
3.302150 	 23.241000 
3.302240 	 23.284000 
3.302320 	 23.327000 
3.700800 	 23.370000 
3.700880 	 23.413000 
3.700970 	 23.455000 
3.701050 	 23.498000 
3.701140 	 23.541000 
3.701220 	 23.583000 
3.701310 	 23.626000 
3.701390 	 23.668000 
3.701480 	 23.710000 
3.701570 	 23.752000 
3.701650 	 23.794000 
3.701740 	 23.836000 
3.701820 	 23.878000 
3.701910 	 23.920000 
3.701990 	 23.962000 
3.702080 	 24.004000 
3.702160 	 24.045000 
3.702250 	 24.087000 
3.702330 	 24.129000 
3.702420 	 24.170000 
4.100900 	 24.211000 
4.100980 	 24.253000 
4.101070 	 24.294000 
4.101150 	 24.335000 
4.101240 	 24.376000 
4.101320 	 24.417000 
4.101410 	 24.458000 
4.101490 	 24.499000 
4.101580 	 24.540000 
4.101660 	 24.581000 
4.101750 	 24.621000 
4.101830 	 24.662000 
4.101920 	 24.702000 
4.102000 	 24.743000 
4.102090 	 24.783000 
4.102170 	 24.824000 
4.102260 	 24.864000 
4.102340 	 24.904000 
4.102430 	 24.944000 
4.102520 	 24.984000 
4.500990 	 25.024000 
4.501080 	 25.064000 
4.501160 	 25.104000 
4.501250 	 25.144000 
4.501330 	 25.184000 
4.501420 	 25.224000 
4.501500 	 25.263000 
4.501590 	 25.303000 
4.501670 	 25.342000 
4.501760 	 25.382000 
4.501850 	 25.421000 
4.501930 	 25.461000 
4.502020 	 25.500000 
4.502100 	 25.539000 
4.502190 	 25.578000 
4.502270 	 25.617000 
4.502360 	 25.656000 
4.502440 	 25.695000 
4.502530 	 25.734000 
4.502610 	 25.773000 
4.901090 	 25.812000 
4.901180 	 25.851000 
4.901260 	 25.889000 
4.901350 	 25.928000 
4.901430 	 25.967000 
4.901520 	 26.005000 
4.901600 	 26.044000 
4.901690 	 26.082000 
4.901770 	 26.120000 
4.901860 	 26.159000 
4.901940 	 26.197000 
4.902030 	 26.235000 
4.902110 	 26.273000 
4.902200 	 26.311000 
4.902280 	 26.349000 
4.902370 	 26.387000 
4.902450 	 26.425000 
4.902540 	 26.463000 
4.902630 	 26.501000 
4.902710 	 26.538000 
5.301190 	 26.576000 
5.301270 	 26.614000 
5.301360 	 26.651000 
5.301440 	 26.689000 
5.301530 	 26.726000 
5.301610 	 26.764000 
5.301700 	 26.801000 
5.301780 	 26.838000 
5.301870 	 26.876000 
5.301960 	 26.913000 
5.302040 	 26.950000 
5.302130 	 26.987000 
5.302210 	 27.024000 
5.302300 	 27.061000 
5.302380 	 27.098000 
5.302470 	 27.135000 
5.302550 	 27.172000 
5.302640 	 27.209000 
5.302720 	 27.245000 
5.302810 	 27.282000 
5.742810 	 1.000000 
7.400100 	 2.000000 
7.800190 	 3.000000 
7.800280 	 4.000000 
8.200290 	 5.000000 
8.200380 	 6.000000 
8.200460 	 7.000000 
8.200550 	 8.000000 
8.600390 	 9.000000 
8.600480 	 10.000000 
8.600560 	 11.000000 
8.600650 	 12.000000 
8.600730 	 13.000000 
8.600820 	 14.000000 
8.600900 	 15.000000 
8.600990 	 16.000000 
9.000490 	 17.000000 
9.000570 	 18.000000 
9.000660 	 19.000000 
9.000740 	 20.000000 
9.000830 	 20.050000 
9.000910 	 20.100000 
9.001000 	 20.150000 
9.001080 	 20.199000 
9.001170 	 20.249000 
9.001250 	 20.298000 
9.001340 	 20.347000 
9.001430 	 20.397000 
9.001510 	 20.446000 
9.001600 	 20.494000 
9.001680 	 20.543000 
9.001770 	 20.592000 
9.400580 	 20.641000 
9.400670 	 20.689000 
9.400760 	 20.737000 
9.400840 	 20.786000 
9.400930 	 20.834000 
9.401010 	 20.882000 
9.401100 	 20.930000 
9.401180 	 20.977000 
9.401270 	 21.025000 
9.401350 	 21.073000 
9.401440 	 21.120000 
9.401520 	 21.167000 
9.401610 	 21.215000 
9.401690 	 21.262000 
9.401780 	 21.309000 
9.401860 	 21.356000 
9.401950 	 21.403000 
9.402030 	 21.449000 
9.402120 	 21.496000 
9.402200 	 21.542000 
9.800680 	 21.589000 
9.800770 	 21.635000 
9.800850 	 21.681000 
9.800940 	 21.727000 
9.801020 	 21.773000 
9.801110 	 21.819000 
9.801190 	 21.865000 
9.801280 	 21.911000 
9.801360 	 21.957000 
9.801450 	 22.002000 
9.801530 	 22.048000 
9.801620 	 22.093000 
9.801710 	 22.138000 
9.801790 	 22.183000 
9.801880 	 22.228000 
9.801960 	 22.273000 
9.802050 	 22.318000 
9.802130 	 22.363000 
9.802220 	 22.408000 
9.802300 	 22.453000 
10.200780 	 22.497000 
10.200860 	 22.542000 
10.200950 	 22.586000 
10.201040 	 22.630000 
10.201120 	 22.674000 
10.201210 	 22.718000 
10.201290 	 22.762000 
10.201380 	 22.806000 
10.201460 	 22.850000 
10.201550 	 22.894000 
10.201630 	 22.938000 
10.201720 	 22.981000 
10.201800 	 23.025000 
10.201890 	 23.068000 
10.201970 	 23.112000 
10.202060 	 23.155000 
10.202140 	 23.198000 
10.202230 	 23.241000 
10.202310 	 23.284000 
10.202400 	 23.327000 
10.600880 	 23.370000 
10.600960 	 23.413000 
10.601050 	 23.455000 
10.601130 	 23.498000 
10.601220 	 23.541000 
10.601300 	 23.583000 
10.601390 	 23.626000 
10.601470 	 23.668000 
10.601560 	 23.710000 
10.601640 	 23.752000 
10.601730 	 23.794000 
10.601820 	 23.836000 
10.601900 	 23.878000 
10.601990 	 23.920000 
10.602070 	 23.962000 
10.602160 	 24.004000 
10.602240 	 24.045000 
10.602330 	 24.087000 
10.602410 	 24.129000 
10.602500 	 24.170000 
11.000970 	 24.211000 
11.001060 	 24.253000 
11.001140 	 24.294000 
11.001230 	 24.335000 
11.001320 	 24.376000 
11.001400 	 24.417000 
11.001490 	 24.458000 
11.001570 	 24.499000 
11.001660 	 24.540000 
11.001740 	 24.581000 
11.001830 	 24.621000 
11.001910 	 24.662000 
11.002000 	 24.702000 
11.002080 	 24.743000 
11.002170 	 24.783000 
11.002250 	 24.824000 
11.002340 	 24.864000 
11.002420 	 24.904000 
11.002510 	 24.944000 
11.002590 	 24.984000 
11.401070 	 25.024000 
11.401160 	 25.064000 
11.401240 	 25.104000 
11.401330 	 25.144000 
11.401410 	 25.184000 
11.401500 	 25.224000 
11.401580 	 25.263000 
11.401670 	 25.303000 
11.401750 	 25.342000 
11.401840 	 25.382000 
11.401920 	 25.421000 
11.402010 	 25.461000 
11.402100 	 25.500000 
11.402180 	 25.539000 
11.402270 	 25.578000 
11.402350 	 25.617000 
11.402440 	 25.656000 
11.402520 	 25.695000 
11.402610 	 25.734000 
11.402690 	 25.773000 
11.801170 	 25.812000 
11.801250 	 25.851000 
11.801340 	 25.889000 
11.801430 	 25.928000 
11.801510 	 25.967000 
11.801600 	 26.005000 
11.801680 	 26.044000 
11.801770 	 26.082000 
11.801850 	 26.120000 
11.801940 	 26.159000 
11.802020 	 26.197000 
11.802110 	 26.235000 
11.802190 	 26.273000 
11.802280 	 26.311000 
11.802360 	 26.349000 
11.802450 	 26.387000 
11.802530 	 26.425000 
11.802620 	 26.463000 
11.802700 	 26.501000 
11.802790 	 26.538000 
12.201340 	 26.576000 
12.201420 	 26.614000 
12.201510 	 26.651000 
12.201590 	 26.689000 
12.201680 	 26.726000 
12.201760 	 26.764000 
12.201850 	 26.801000 
12.201930 	 26.838000 
12.202020 	 26.876000 
12.202100 	 26.913000 
12.202190 	 26.950000 
12.202270 	 26.987000 
12.202360 	 27.024000 
12.202440 	 27.061000 
12.202530 	 27.098000 
12.202610 	 27.135000 
12.202700 	 27.172000 
12.202780 	 27.209000 
12.202870 	 27.245000 
12.202960 	 27.282000 
12.602180 	 27.319000 
12.602190 	 27.355000 
12.602200 	 27.392000 
12.602200 	 27.428000 
12.602210 	 27.465000 
12.602210 	 27.501000 
12.602220 	 27.538000 
12.602230 	 27.574000 
12.602230 	 27.610000 
12.602240 	 27.646000 
12.602290 	 27.683000 
12.602370 	 27.719000 
12.602460 	 27.755000 
12.602540 	 27.791000 
12.602630 	 27.827000 
12.602710 	 27.863000 
12.602800 	 27.899000 
12.602880 	 27.934000 
12.602970 	 27.970000 
12.603050 	 28.006000 
13.002280 	 28.042000 
13.002370 	 28.077000 
13.002450 	 28.113000 
13.002540 	 28.149000 
13.002620 	 28.184000 
13.002710 	 28.220000 
13.002790 	 28.255000 
13.002880 	 28.290000 
13.002960 	 28.326000 
13.003050 	 28.361000 
13.003130 	 28.396000 
13.003220 	 28.432000 
13.003300 	 28.467000 
13.003390 	 28.502000 
13.003470 	 28.537000 
13.003560 	 28.572000 
13.003650 	 28.607000 
13.003730 	 28.642000 
13.003820 	 28.677000 
13.003900 	 28.712000 
13.402870 	 28.747000 
13.402960 	 28.781000 
13.403040 	 28.816000 
13.403130 	 28.851000 
13.403210 	 28.885000 
13.403300 	 28.920000 
13.403380 	 28.955000 
13.403470 	 28.989000 
13.403550 	 29.024000 
13.403640 	 29.058000 
13.403730 	 29.093000 
13.403810 	 29.127000 
13.403900 	 29.161000 
13.403980 	 29.196000 
13.404070 	 29.230000 
13.404150 	 29.264000 
13.404240 	 29.298000 
13.404320 	 29.332000 
13.404410 	 29.366000 
13.404490 	 29.400000 
13.802970 	 29.434000 
13.803060 	 29.468000 
13.803140 	 29.502000 
13.803230 	 29.536000 
13.803310 	 29.570000 
13.803400 	 29.604000 
13.803480 	 29.638000 
13.803570 	 29.671000 
13.803650 	 29.705000 
13.803740 	 29.739000 
13.803820 	 29.772000 
13.803910 	 29.806000 
13.803990 	 29.840000 
13.804080 	 29.873000 
13.804160 	 29.907000 
13.804250 	 29.940000 
13.804330 	 29.973000 
13.804420 	 30.007000 
13.804500 	 30.040000 
13.804590 	 30.073000 
14.203070 	 30.107000 
14.203150 	 30.140000 
14.203240 	 30.173000 
14.203320 	 30.206000 
14.203410 	 30.239000 
14.203490 	 30.272000 
14.203580 	 30.305000 
14.203660 	 30.338000 
14.203750 	 30.371000 
14.203830 	 30.404000 
14.203920 	 30.437000 
14.204010 	 30.470000 
14.204090 	 30.503000 
14.204180 	 30.536000 
14.204260 	 30.568000 
14.204350 	 30.601000 
14.204430 	 30.634000 
14.204520 	 30.666000 
14.204600 	 30.699000 
14.204690 	 30.732000 
14.634690 	 1.000000 
