0.000000 	 1.000000 
0.800020 	 2.000000 
1.400210 	 3.000000 
1.400290 	 4.000000 
2.000390 	 5.000000 
2.000480 	 6.000000 
2.000560 	 7.000000 
2.000650 	 8.000000 
2.600580 	 9.000000 
2.600660 	 10.000000 
2.600750 	 11.000000 
2.600830 	 12.000000 
2.600920 	 13.000000 
2.601000 	 14.000000 
2.601090 	 15.000000 
2.601170 	 16.000000 
3.200760 	 17.000000 
3.200850 	 18.000000 
3.200930 	 19.000000 
3.201020 	 20.000000 
3.201100 	 20.050000 
3.201190 	 20.100000 
3.201270 	 20.150000 
3.201360 	 20.199000 
3.201440 	 20.249000 
3.201530 	 20.298000 
3.201610 	 20.347000 
3.201700 	 20.397000 
3.201780 	 20.446000 
3.201870 	 20.494000 
3.201950 	 20.543000 
3.202040 	 20.592000 
3.800940 	 20.641000 
3.801030 	 20.689000 
3.801110 	 20.737000 
3.801200 	 20.786000 
3.801280 	 20.834000 
3.801370 	 20.882000 
3.801460 	 20.930000 
3.801540 	 20.977000 
3.801630 	 21.025000 
3.801710 	 21.073000 
3.801800 	 21.120000 
3.801880 	 21.167000 
3.801970 	 21.215000 
3.802050 	 21.262000 
3.802140 	 21.309000 
3.802220 	 21.356000 
3.802310 	 21.403000 
3.802390 	 21.449000 
3.802480 	 21.496000 
3.802560 	 21.542000 
4.401130 	 21.589000 
4.401210 	 21.635000 
4.401300 	 21.681000 
4.401380 	 21.727000 
4.401470 	 21.773000 
4.401550 	 21.819000 
4.401640 	 21.865000 
4.401720 	 21.911000 
4.401810 	 21.957000 
4.401900 	 22.002000 
4.401980 	 22.048000 
4.402070 	 22.093000 
4.402150 	 22.138000 
4.402240 	 22.183000 
4.402320 	 22.228000 
4.402410 	 22.273000 
4.402490 	 22.318000 
4.402580 	 22.363000 
4.402660 	 22.408000 
4.402750 	 22.453000 
5.001310 	 22.497000 
5.001400 	 22.542000 
5.001480 	 22.586000 
5.001570 	 22.630000 
5.001650 	 22.674000 
5.001740 	 22.718000 
5.001820 	 22.762000 
5.001910 	 22.806000 
5.001990 	 22.850000 
5.002080 	 22.894000 
5.002160 	 22.938000 
5.002250 	 22.981000 
5.002330 	 23.025000 
5.002420 	 23.068000 
5.002510 	 23.112000 
5.002590 	 23.155000 
5.002680 	 23.198000 
5.002760 	 23.241000 
5.002850 	 23.284000 
5.002930 	 23.327000 
5.601500 	 23.370000 
5.601580 	 23.413000 
5.601670 	 23.455000 
5.601750 	 23.498000 
5.601840 	 23.541000 
5.601920 	 23.583000 
5.602010 	 23.626000 
5.602090 	 23.668000 
5.602180 	 23.710000 
5.602260 	 23.752000 
5.602350 	 23.794000 
5.602430 	 23.836000 
5.602520 	 23.878000 
5.602600 	 23.920000 
5.602690 	 23.962000 
5.602770 	 24.004000 
5.602860 	 24.045000 
5.602950 	 24.087000 
5.603030 	 24.129000 
5.603120 	 24.170000 
6.201680 	 24.211000 
6.201760 	 24.253000 
6.201850 	 24.294000 
6.201940 	 24.335000 
6.202020 	 24.376000 
6.202110 	 24.417000 
6.202190 	 24.458000 
6.202280 	 24.499000 
6.202360 	 24.540000 
6.202450 	 24.581000 
6.202530 	 24.621000 
6.202620 	 24.662000 
6.202700 	 24.702000 
6.202790 	 24.743000 
6.202870 	 24.783000 
6.202960 	 24.824000 
6.203040 	 24.864000 
6.203130 	 24.904000 
6.203210 	 24.944000 
6.203300 	 24.984000 
6.801860 	 25.024000 
6.801950 	 25.064000 
6.802030 	 25.104000 
6.802120 	 25.144000 
6.802200 	 25.184000 
6.802290 	 25.224000 
6.802370 	 25.263000 
6.802460 	 25.303000 
6.802550 	 25.342000 
6.802630 	 25.382000 
6.802720 	 25.421000 
6.802800 	 25.461000 
6.802890 	 25.500000 
6.802970 	 25.539000 
6.803060 	 25.578000 
6.803140 	 25.617000 
6.803230 	 25.656000 
6.803310 	 25.695000 
6.803400 	 25.734000 
6.803480 	 25.773000 
7.402050 	 25.812000 
7.402130 	 25.851000 
7.402220 	 25.889000 
7.402300 	 25.928000 
7.402390 	 25.967000 
7.402470 	 26.005000 
7.402560 	 26.044000 
7.402640 	 26.082000 
7.402730 	 26.120000 
7.402810 	 26.159000 
7.402900 	 26.197000 
7.402980 	 26.235000 
7.403070 	 26.273000 
7.403160 	 26.311000 
7.403240 	 26.349000 
7.403330 	 26.387000 
7.403410 	 26.425000 
7.403500 	 26.463000 
7.403580 	 26.501000 
7.403670 	 26.538000 
8.002230 	 26.576000 
8.002320 	 26.614000 
8.002400 	 26.651000 
8.002490 	 26.689000 
8.002570 	 26.726000 
8.002660 	 26.764000 
8.002740 	 26.801000 
8.002830 	 26.838000 
8.002910 	 26.876000 
8.003000 	 26.913000 
8.003080 	 26.950000 
8.003170 	 26.987000 
8.003250 	 27.024000 
8.003340 	 27.061000 
8.003420 	 27.098000 
8.003510 	 27.135000 
8.003600 	 27.172000 
8.003680 	 27.209000 
8.003770 	 27.245000 
8.003850 	 27.282000 
8.663850 	 1.000000 
10.600180 	 2.000000 
11.200370 	 3.000000 
11.200450 	 4.000000 
11.800550 	 5.000000 
11.800640 	 6.000000 
11.800720 	 7.000000 
11.800810 	 8.000000 
12.400740 	 9.000000 
12.400820 	 10.000000 
12.400910 	 11.000000 
12.400990 	 12.000000 
12.401080 	 13.000000 
12.401160 	 14.000000 
12.401250 	 15.000000 
12.401330 	 16.000000 
13.000920 	 17.000000 
13.001000 	 18.000000 
13.001090 	 19.000000 
13.001180 	 20.000000 
13.001260 	 20.050000 
13.001350 	 20.100000 
13.001430 	 20.150000 
13.001520 	 20.199000 
13.001600 	 20.249000 
13.001710 	 20.298000 
13.001820 	 20.347000 
13.001920 	 20.397000 
13.002000 	 20.446000 
13.002100 	 20.494000 
13.002180 	 20.543000 
13.002270 	 20.592000 
13.601100 	 20.641000 
13.601190 	 20.689000 
13.601270 	 20.737000 
13.601360 	 20.786000 
13.601440 	 20.834000 
13.601530 	 20.882000 
13.601610 	 20.930000 
13.601700 	 20.977000 
13.601790 	 21.025000 
13.601870 	 21.073000 
13.601960 	 21.120000 
13.602040 	 21.167000 
13.602130 	 21.215000 
13.602210 	 21.262000 
13.602300 	 21.309000 
13.602380 	 21.356000 
13.602480 	 21.403000 
13.602580 	 21.449000 
13.602700 	 21.496000 
13.602800 	 21.542000 
14.201290 	 21.589000 
14.201370 	 21.635000 
14.201460 	 21.681000 
14.201540 	 21.727000 
14.201630 	 21.773000 
14.201710 	 21.819000 
14.201800 	 21.865000 
14.201880 	 21.911000 
14.201970 	 21.957000 
14.202050 	 22.002000 
14.202140 	 22.048000 
14.202220 	 22.093000 
14.202310 	 22.138000 
14.202400 	 22.183000 
14.202480 	 22.228000 
14.202570 	 22.273000 
14.202670 	 22.318000 
14.202770 	 22.363000 
14.202880 	 22.408000 
14.202980 	 22.453000 
14.801470 	 22.497000 
14.801560 	 22.542000 
14.801640 	 22.586000 
14.801730 	 22.630000 
14.801810 	 22.674000 
14.801900 	 22.718000 
14.801980 	 22.762000 
14.802070 	 22.806000 
14.802150 	 22.850000 
14.802240 	 22.894000 
14.802320 	 22.938000 
14.802410 	 22.981000 
14.802490 	 23.025000 
14.802580 	 23.068000 
14.802660 	 23.112000 
14.802750 	 23.155000 
14.802850 	 23.198000 
14.802950 	 23.241000 
14.803070 	 23.284000 
14.803170 	 23.327000 
15.401650 	 23.370000 
15.401740 	 23.413000 
15.401830 	 23.455000 
15.401910 	 23.498000 
15.402000 	 23.541000 
15.402080 	 23.583000 
15.402170 	 23.626000 
15.402250 	 23.668000 
15.402340 	 23.710000 
15.402420 	 23.752000 
15.402510 	 23.794000 
15.402590 	 23.836000 
15.402680 	 23.878000 
15.402760 	 23.920000 
15.402850 	 23.962000 
15.402930 	 24.004000 
15.403030 	 24.045000 
15.403130 	 24.087000 
15.403250 	 24.129000 
15.403350 	 24.170000 
